colors.canceled = [208 0 0]./255;
colors.noncanc = [245, 138, 7]./255;
colors.nostop = [64, 151, 39]./255;

colors.hi = [190 21 88]./255; % spanish orange
colors.lo = [24 104 174]./255; % opal
